<?xml version="1.0" encoding="UTF-8" standalone="no"?>
<tableData xmlns="http://www.EFIAnalytics.com/:table">
<bibliography author="EFI Analytics - philip.tobin@yahoo.com" company="EFI Analytics, copyright 2010, All Rights Reserved." writeDate="Sun Mar 01 00:20:56 GMT 2026"/>
<versionInfo fileFormat="1.0"/>
<table cols="16" rows="16">
<xAxis cols="16" name="rpm">
         500 
         700 
         900 
         1200 
         1500 
         1800 
         2200 
         2700 
         3000 
         3400 
         3900 
         4300 
         4800 
         5200 
         5700 
         6200 
      </xAxis>
<yAxis name="fuelLoad" rows="16">
         16 
         26 
         30 
         36 
         40 
         46 
         50 
         56 
         60 
         66 
         70 
         76 
         86 
         90 
         96 
         100 
      </yAxis>
<zValues cols="16" rows="16">
         30.0 30.0 32.0 35.0 39.0 43.0 47.0 50.0 53.0 56.0 59.0 61.0 63.0 65.0 63.0 61.0 
         31.0 31.0 33.0 36.0 40.0 43.0 45.0 51.0 54.0 57.0 60.0 62.0 64.0 66.0 64.0 62.0 
         32.0 32.0 34.0 36.0 41.0 45.0 49.0 52.0 55.0 58.0 61.0 63.0 65.0 67.0 65.0 63.0 
         34.0 34.0 36.0 34.0 43.0 47.0 51.0 54.0 57.0 60.0 63.0 65.0 67.0 69.0 67.0 65.0 
         36.0 36.0 38.0 34.0 45.0 49.0 53.0 56.0 59.0 62.0 65.0 67.0 69.0 71.0 69.0 67.0 
         38.0 38.0 40.0 43.0 47.0 51.0 55.0 58.0 61.0 64.0 67.0 69.0 71.0 73.0 71.0 69.0 
         40.0 40.0 42.0 45.0 49.0 53.0 57.0 60.0 63.0 66.0 69.0 71.0 73.0 75.0 73.0 71.0 
         42.0 42.0 44.0 47.0 51.0 55.0 59.0 62.0 65.0 68.0 71.0 73.0 75.0 77.0 75.0 73.0 
         45.0 45.0 47.0 50.0 54.0 58.0 62.0 65.0 68.0 71.0 74.0 76.0 78.0 80.0 78.0 76.0 
         48.0 48.0 50.0 53.0 57.0 61.0 65.0 68.0 71.0 74.0 77.0 79.0 81.0 83.0 81.0 79.0 
         50.0 50.0 52.0 55.0 59.0 63.0 67.0 70.0 73.0 76.0 79.0 81.0 83.0 85.0 83.0 81.0 
         52.0 52.0 54.0 57.0 61.0 65.0 69.0 72.0 75.0 78.0 81.0 83.0 85.0 87.0 85.0 83.0 
         54.0 54.0 56.0 59.0 63.0 67.0 71.0 74.0 77.0 80.0 83.0 85.0 87.0 89.0 87.0 85.0 
         55.0 55.0 57.0 60.0 64.0 68.0 72.0 75.0 78.0 81.0 84.0 86.0 88.0 90.0 88.0 86.0 
         56.0 56.0 58.0 61.0 65.0 69.0 73.0 76.0 79.0 82.0 85.0 87.0 89.0 91.0 89.0 87.0 
         57.0 57.0 59.0 62.0 66.0 70.0 74.0 77.0 80.0 83.0 86.0 88.0 90.0 92.0 90.0 88.0 
      </zValues>
</table>
</tableData>
