TABELA VE CORRIGIDA - 2026-08-10
Eixos: RPM 500-6200, MAP 16-100 kPa
Mantem auto-tune bom, corrige o que escapou
================================================================================

ORDEM: Linha 1 = MAP 100, Linha 16 = MAP 16
Colunas: RPM 500, 700, 900, 1100, 1300, 1600, 1900, 2200, 2500, 3000, 3500, 4000, 4500, 5000, 5600, 6200

 89  92  98 118 101  93  93  94  94  94  92  89  86  83  81  78
 87  88  98 123 128 107  96  94  92  91  90  87  84  81  79  76
 81  90  93  90 102 112 115 107  95  86  84  83  80  77  76  72
 77  82  93  85  89 101 112 105 100  93  81  79  77  74  72  70
 69  75  91  78  84  86  90  93  90  91  75  74  71  69  67  64
 65  72  83  96  97  90  78  66  84  84  71  69  68  65  63  61
 60  68  72  85  87  86  76  74  71  74  67  65  64  62  60  58
 55  67  65  63  70  75  80  76  66  68  64  62  61  59  57  55
 51  63  62  64  71  69  64  63  60  61  57  59  58  56  55  52
 47  56  57  62  63  55  55  56  48  55  50  54  55  53  52  51
 44  50  51  52  51  48  43  49  42  46  53  48  52  51  50  49
 42  48  48  49  46  49  46  43  40  42  46  47  50  49  48  47
 41  46  47  43  39  41  40  40  38  39  42  43  48  47  46  45
 41  41  42  37  31  30  31  36  35  35  36  35  46  45  44  43
 41  41  41  42  28  25  26  29  34  34  35  39  44  43  42  41
 40  40  40  40  40  33  31  32  37  35  34  40  40  39  38  37


MUDANCAS:
Zona 1 (arranque): +3 a +5 pontos em 700-1600 RPM / 36-70 kPa
Zona 2 (misfire): +5 pontos em 1300-1900 RPM / 86-96 kPa
Zona 3 (transicao): +2 pontos em 1100 e 2200 RPM / 86-96 kPa
